startTime: 1752414974.31
48.11 5999981 -6 404 2
73.51 5999981 -11 161 2
131.19 5999981 -11 161 2
133.21 5999982 -11 87 2
133.21 5999983 -11 395 2
180.28 5999989 29 99 3
207.23 5999994 25 647 3
208.23 5999994 25 648 3
215.54 5999997 25 96 3
216.81 5999997 25 0 3
227.05 5999985 27 653 -1
227.05 5999984 27 96 3
231.08 5999983 27 653 -1
231.28 5999983 27 631 -1
243.19 5999983 27 653 -1
243.19 5999983 27 631 -1
246.31 5999984 26 653 -1
246.43 5999984 26 631 -1
248.76 5999984 26 87 3
277.48 6000020 86 2175 4
291.48 6000020 94 0 4
303.08 6000013 89 33 4
304.82 6000013 89 0 4
315.16 6000021 89 33 4
318.22 6000021 87 161 4
323.87 6000015 90 0 4
371.03 6000051 134 87 4
371.03 6000050 134 2515 4
458.37 6000009 123 0 5
462.60 6000000 120 1096u0 5
465.54 6000000 120 3030 5
467.87 6000000 120 1096u0 5
470.19 6000000 120 3030 5
471.06 6000000 120 1096u0 5
485.47 6000007 99 2175 5
489.59 6000007 93 2175 5
494.37 6000007 100 404 5
542.50 6000003 107 395 5
545.95 6000000 108 404 5
552.57 6000001 107 395 5
553.70 6000000 107 87 5
558.85 5999999 160 0 6
580.97 5999995 159 2515 6
587.00 5999995 160 404 6
590.22 5999993 161 395 6
591.25 5999993 161 0 6
594.42 5999993 161 395 6
595.52 5999992 162 4239u0 6
600.73 5999990 163 4242 6
603.04 5999990 163 0 6
610.40 5999990 163 4242 6
611.32 5999988 163 242 6
614.63 5999990 164 223 6
622.32 5999987 167 242 6
624.44 5999987 168 223 6
632.02 5999985 171 1107u0 6
635.18 5999985 172 1108 6
637.50 5999982 171 0 6
638.87 5999983 170 2504 6
642.35 5999980 174 161 6
645.90 5999980 177 404 6
647.23 5999981 177 395 6
648.38 5999981 177 0 6
649.62 5999981 177 395 6
655.00 5999970 179 30u4 6
656.23 5999971 179 31 6
664.40 5999975 182 404 6
664.76 5999974 182 87 6
664.76 5999973 182 395 6
698.20 5999998 194 404 7
699.58 5999999 194 395 7
700.85 5999999 194 0 7
702.15 5999999 194 395 7
716.27 5999989 194 1014 7
720.22 5999988 194 1015 7
722.15 5999988 194 0 7
735.61 5999989 200 161 7
738.55 5999992 203 1015 7
748.32 5999992 208 49 7
752.88 5999989 212 61 7
757.25 5999987 212 242 7
758.71 5999988 213 223 7
759.85 5999988 213 0 7
765.63 5999984 214 223 7
773.75 5999985 215 1014 7
797.19 5999984 215 87 7
797.19 5999985 214 1015 7
821.76 5999998 237 0 8
831.61 5999997 236 30u4 8
833.88 5999998 237 31 8
835.48 5999996 238 48 8
838.06 5999995 238 64 8
841.10 5999990 237 55 8
846.43 5999989 237 57 8
847.93 5999987 237 55 8
849.03 5999988 236 57 8
851.41 5999988 236 0 8
853.86 5999987 236 57 8
855.13 5999986 236 0 8
864.39 5999978 231 404 8
865.71 5999981 231 395 8
869.05 5999988 230 48 8
871.30 5999992 230 64 8
877.63 5999992 230 0 8
883.45 5999995 230 64 8
884.46 5999995 230 0 8
885.38 5999995 230 64 8
889.63 6000001 222 53 8
892.06 6000001 223 57 8
893.14 5999999 223 99 8
895.09 6000002 225 96 8
898.26 6000005 229 406 8
900.73 6000010 231 132 8
903.89 6000015 233 406 8
905.21 6000016 234 132 8
920.44 6000026 240 53 8
923.13 6000029 241 57 8
924.83 6000030 243 0 8
928.09 6000031 242 4239u0 8
934.03 6000034 243 4242 8
935.46 6000034 242 1107u0 8
937.04 6000036 243 1108 8
939.16 6000036 243 0 8
940.55 6000036 243 1108 8
949.99 6000029 246 242 8
953.31 6000029 244 223 8
956.06 6000024 245 4239u0 8
957.71 6000022 245 4242 8
959.43 6000021 244 404 8
963.28 6000019 246 395 8
966.34 6000012 246 1184u0 8
971.96 6000014 246 1183 8
974.28 6000014 248 1184u0 8
975.54 6000013 249 1183 8
976.73 6000013 250 242 8
977.69 6000013 251 223 8
997.88 5999991 263 0 8
1000.73 5999992 263 0 8
1007.51 5999986 261 2175 8
1009.83 5999986 259 2175 8
1012.26 5999988 259 2175 8
1014.48 5999989 259 4269 8
1016.11 5999990 258 4270 8
1017.08 5999990 258 0 8
1018.49 5999990 257 4270 8
1020.73 5999992 259 4269 8
1021.81 5999993 257 4270 8
1025.42 5999989 256 1184u0 8
1026.69 5999988 255 1183 8
1031.69 5999983 253 404 8
1032.49 5999984 252 395 8
1034.89 5999983 249 48 8
1036.51 5999981 251 64 8
1041.04 5999978 251 242 8
1042.22 5999978 252 223 8
1046.16 5999972 259 1014 8
1047.53 5999974 260 1015 8
1051.96 5999972 263 4269 8
1053.07 5999974 263 4270 8
1055.69 5999976 266 1157u0 8
1057.74 5999977 266 1160 8
1060.72 5999975 269 1014 8
1061.74 5999976 269 